x = [0.025000000000000001, 0.075000000000000011, 0.125, 0.17500000000000002, 0.22500000000000001, 0.27500000000000002, 0.32500000000000001, 0.375, 0.42500000000000004, 0.47500000000000003, 0.52500000000000002, 0.57500000000000007, 0.625, 0.67500000000000004, 0.72500000000000009, 0.77500000000000002, 0.82500000000000007, 0.875, 0.92500000000000004, 0.97500000000000009, 1.0250000000000001, 1.075, 1.125, 1.175, 1.2250000000000001, 1.2750000000000001, 1.3250000000000002, 1.375, 1.425, 1.4750000000000001, 1.5250000000000001, 1.5750000000000002, 1.625, 1.675, 1.7250000000000001, 1.7750000000000001, 1.8250000000000002, 1.875, 1.925, 1.9750000000000001, 2.0249999999999999, 2.0750000000000002, 2.125, 2.1750000000000003, 2.2250000000000001, 2.2749999999999999, 2.3250000000000002, 2.375, 2.4250000000000003, 2.4750000000000001]

y1 = [2025, 2627, 3171, 3685, 4049, 4512, 4943, 5522, 5970, 6464, 6761, 7071, 7666, 7976, 8502, 8801, 9078, 9322, 9614, 9908, 10472, 10707, 10713, 11381, 11218, 11812, 11777, 12219, 12078, 12387, 12428, 12960, 13082, 13079, 13139, 13412, 13510, 13709, 13842, 13966, 13759, 13901, 14065, 14284, 14157, 14213, 14211, 14284, 14200, 14399]

y2 = [27834, 27127, 26710, 26017, 25898, 25052, 24500, 24377, 23657, 23124, 22755, 22477, 22114, 21459, 21538, 20939, 20829, 20565, 20131, 19559, 19435, 19163, 18990, 18859, 18452, 18255, 17944, 17790, 17423, 17292, 17372, 17037, 16989, 16963, 16656, 16285, 16366, 16309, 16051, 15853, 16142, 15877, 15675, 15762, 15561, 15659, 15506, 15534, 15620, 15500] 

z = [29859, 29754, 29881, 29702, 29947, 29564, 29443, 29899, 29627, 29588, 29516, 29548, 29780, 29435, 30040, 29740, 29907, 29887, 29745, 29467, 29907, 29870, 29703, 30240, 29670, 30067, 29721, 30009, 29501, 29679, 29800, 29997, 30071, 30042, 29795, 29697, 29876, 30018, 29893, 29819, 29901, 29778, 29740, 30046, 29718, 29872, 29717, 29818, 29820, 29899]
